{
"name":"Dr. Tralie's Unit Circle",
"materials":{
"color0": {
	"kd":[0.4980392156862745,0.4980392156862745,0.4980392156862745]},
"color1": {
	"kd":[0.39215686274509803,0.39215686274509803,0.39215686274509803]}
},
"lights":[
{
	"pos":[0.0, 100.0, 0.0],
	"color":[1.0, 1.0, 1.0]
},
{
	"pos":[0.0, -100.0, 0.0],
	"color":[1.0, 1.0, 1.0]
},
{
	"pos":[-100.0, 100.0, 0.0],
	"color":[1.0, 1.0, 1.0]
},
{
	"pos":[100.0, -100.0, 0.0],
	"color":[1.0, 1.0, 1.0]
}
],
"cameras":[
{
	"pos":[0.0, 2.0, 0.0],
	"rot": [0, 0.0, 0, 1.0]
},
{
	"pos":[0.0, 2.0, -4.0],
	"rot": [0, 1.0, 0, 6.123233995736766E-17]
}
],
"children":[
{
"transform":[1, 0, 0, 0.0, 0, 1, 0, -25.0, 0, 0, 1, 0.0, 0, 0, 0, 1],
"children":[{"transform":[1.0, -0.0, 0, 0, 0.0, 1.0, 0, 0, 0, 0, 1, 0, 0, 0, 0, 1],
"children":[{
"transform":[1.0, 0, 0.0, 0, 0, 1, 0, 0, -0.0, 0, 1.0, 0, 0, 0, 0, 1],
"children":[{
"transform":[1, 0, 0, 0, 0, 1.0, -0.0, 0, 0, 0.0, 1.0, 0, 0, 0, 0, 1],
"children":[{
"transform":[1000.0, 0, 0, 0, 0, 50.0, 0, 0, 0, 0, 1000.0, 0, 0, 0, 0, 1],
"shapes":[
{"type":"box",
"material":"color0"}]
}]
}]
}]
}]
},
{
"transform":[1, 0, 0, 20.0, 0, 1, 0, 4.0, 0, 0, 1, 0.0, 0, 0, 0, 1],
"children":[{"transform":[1.0, -0.0, 0, 0, 0.0, 1.0, 0, 0, 0, 0, 1, 0, 0, 0, 0, 1],
"children":[{
"transform":[0.8660254037844387, 0, 0.49999999999999994, 0, 0, 1, 0, 0, -0.49999999999999994, 0, 0.8660254037844387, 0, 0, 0, 0, 1],
"children":[{
"transform":[1, 0, 0, 0, 0, 1.0, -0.0, 0, 0, 0.0, 1.0, 0, 0, 0, 0, 1],
"children":[{
"transform":[2.0, 0, 0, 0, 0, 2.0, 0, 0, 0, 0, 2.0, 0, 0, 0, 0, 1],
"shapes":[
{"type":"mesh",
"material":"color1",
"filename":"../meshes/proftralie.off"}]
}]
}]
}]
}]
},
{
"transform":[1, 0, 0, 17.320508075688775, 0, 1, 0, 4.0, 0, 0, 1, 9.999999999999998, 0, 0, 0, 1],
"children":[{"transform":[1.0, -0.0, 0, 0, 0.0, 1.0, 0, 0, 0, 0, 1, 0, 0, 0, 0, 1],
"children":[{
"transform":[0.5000000000000001, 0, 0.8660254037844386, 0, 0, 1, 0, 0, -0.8660254037844386, 0, 0.5000000000000001, 0, 0, 0, 0, 1],
"children":[{
"transform":[1, 0, 0, 0, 0, 1.0, -0.0, 0, 0, 0.0, 1.0, 0, 0, 0, 0, 1],
"children":[{
"transform":[2.0, 0, 0, 0, 0, 2.0, 0, 0, 0, 0, 2.0, 0, 0, 0, 0, 1],
"shapes":[
{"type":"mesh",
"material":"color1",
"filename":"../meshes/proftralie.off"}]
}]
}]
}]
}]
},
{
"transform":[1, 0, 0, 14.142135623730951, 0, 1, 0, 4.0, 0, 0, 1, 14.14213562373095, 0, 0, 0, 1],
"children":[{"transform":[1.0, -0.0, 0, 0, 0.0, 1.0, 0, 0, 0, 0, 1, 0, 0, 0, 0, 1],
"children":[{
"transform":[6.123233995736766E-17, 0, 1.0, 0, 0, 1, 0, 0, -1.0, 0, 6.123233995736766E-17, 0, 0, 0, 0, 1],
"children":[{
"transform":[1, 0, 0, 0, 0, 1.0, -0.0, 0, 0, 0.0, 1.0, 0, 0, 0, 0, 1],
"children":[{
"transform":[2.0, 0, 0, 0, 0, 2.0, 0, 0, 0, 0, 2.0, 0, 0, 0, 0, 1],
"shapes":[
{"type":"mesh",
"material":"color1",
"filename":"../meshes/proftralie.off"}]
}]
}]
}]
}]
},
{
"transform":[1, 0, 0, 10.000000000000002, 0, 1, 0, 4.0, 0, 0, 1, 17.32050807568877, 0, 0, 0, 1],
"children":[{"transform":[1.0, -0.0, 0, 0, 0.0, 1.0, 0, 0, 0, 0, 1, 0, 0, 0, 0, 1],
"children":[{
"transform":[-0.4999999999999998, 0, 0.8660254037844387, 0, 0, 1, 0, 0, -0.8660254037844387, 0, -0.4999999999999998, 0, 0, 0, 0, 1],
"children":[{
"transform":[1, 0, 0, 0, 0, 1.0, -0.0, 0, 0, 0.0, 1.0, 0, 0, 0, 0, 1],
"children":[{
"transform":[2.0, 0, 0, 0, 0, 2.0, 0, 0, 0, 0, 2.0, 0, 0, 0, 0, 1],
"shapes":[
{"type":"mesh",
"material":"color1",
"filename":"../meshes/proftralie.off"}]
}]
}]
}]
}]
},
{
"transform":[1, 0, 0, 0.0, 0, 1, 0, 4.0, 0, 0, 1, 20.0, 0, 0, 0, 1],
"children":[{"transform":[1.0, -0.0, 0, 0, 0.0, 1.0, 0, 0, 0, 0, 1, 0, 0, 0, 0, 1],
"children":[{
"transform":[-0.8660254037844387, 0, 0.49999999999999994, 0, 0, 1, 0, 0, -0.49999999999999994, 0, -0.8660254037844387, 0, 0, 0, 0, 1],
"children":[{
"transform":[1, 0, 0, 0, 0, 1.0, -0.0, 0, 0, 0.0, 1.0, 0, 0, 0, 0, 1],
"children":[{
"transform":[2.0, 0, 0, 0, 0, 2.0, 0, 0, 0, 0, 2.0, 0, 0, 0, 0, 1],
"shapes":[
{"type":"mesh",
"material":"color1",
"filename":"../meshes/proftralie.off"}]
}]
}]
}]
}]
},
{
"transform":[1, 0, 0, -17.320508075688775, 0, 1, 0, 4.0, 0, 0, 1, 9.999999999999998, 0, 0, 0, 1],
"children":[{"transform":[1.0, -0.0, 0, 0, 0.0, 1.0, 0, 0, 0, 0, 1, 0, 0, 0, 0, 1],
"children":[{
"transform":[-1.0, 0, 1.2246467991473532E-16, 0, 0, 1, 0, 0, -1.2246467991473532E-16, 0, -1.0, 0, 0, 0, 0, 1],
"children":[{
"transform":[1, 0, 0, 0, 0, 1.0, -0.0, 0, 0, 0.0, 1.0, 0, 0, 0, 0, 1],
"children":[{
"transform":[2.0, 0, 0, 0, 0, 2.0, 0, 0, 0, 0, 2.0, 0, 0, 0, 0, 1],
"shapes":[
{"type":"mesh",
"material":"color1",
"filename":"../meshes/proftralie.off"}]
}]
}]
}]
}]
},
{
"transform":[1, 0, 0, -14.142135623730951, 0, 1, 0, 4.0, 0, 0, 1, 14.14213562373095, 0, 0, 0, 1],
"children":[{"transform":[1.0, -0.0, 0, 0, 0.0, 1.0, 0, 0, 0, 0, 1, 0, 0, 0, 0, 1],
"children":[{
"transform":[-0.8660254037844386, 0, -0.5000000000000001, 0, 0, 1, 0, 0, 0.5000000000000001, 0, -0.8660254037844386, 0, 0, 0, 0, 1],
"children":[{
"transform":[1, 0, 0, 0, 0, 1.0, -0.0, 0, 0, 0.0, 1.0, 0, 0, 0, 0, 1],
"children":[{
"transform":[2.0, 0, 0, 0, 0, 2.0, 0, 0, 0, 0, 2.0, 0, 0, 0, 0, 1],
"shapes":[
{"type":"mesh",
"material":"color1",
"filename":"../meshes/proftralie.off"}]
}]
}]
}]
}]
},
{
"transform":[1, 0, 0, -10.000000000000002, 0, 1, 0, 4.0, 0, 0, 1, 17.32050807568877, 0, 0, 0, 1],
"children":[{"transform":[1.0, -0.0, 0, 0, 0.0, 1.0, 0, 0, 0, 0, 1, 0, 0, 0, 0, 1],
"children":[{
"transform":[-0.5000000000000004, 0, -0.8660254037844385, 0, 0, 1, 0, 0, 0.8660254037844385, 0, -0.5000000000000004, 0, 0, 0, 0, 1],
"children":[{
"transform":[1, 0, 0, 0, 0, 1.0, -0.0, 0, 0, 0.0, 1.0, 0, 0, 0, 0, 1],
"children":[{
"transform":[2.0, 0, 0, 0, 0, 2.0, 0, 0, 0, 0, 2.0, 0, 0, 0, 0, 1],
"shapes":[
{"type":"mesh",
"material":"color1",
"filename":"../meshes/proftralie.off"}]
}]
}]
}]
}]
},
{
"transform":[1, 0, 0, -20.0, 0, 1, 0, 4.0, 0, 0, 1, 0.0, 0, 0, 0, 1],
"children":[{"transform":[1.0, -0.0, 0, 0, 0.0, 1.0, 0, 0, 0, 0, 1, 0, 0, 0, 0, 1],
"children":[{
"transform":[-1.8369701987210297E-16, 0, -1.0, 0, 0, 1, 0, 0, 1.0, 0, -1.8369701987210297E-16, 0, 0, 0, 0, 1],
"children":[{
"transform":[1, 0, 0, 0, 0, 1.0, -0.0, 0, 0, 0.0, 1.0, 0, 0, 0, 0, 1],
"children":[{
"transform":[2.0, 0, 0, 0, 0, 2.0, 0, 0, 0, 0, 2.0, 0, 0, 0, 0, 1],
"shapes":[
{"type":"mesh",
"material":"color1",
"filename":"../meshes/proftralie.off"}]
}]
}]
}]
}]
},
{
"transform":[1, 0, 0, -17.320508075688775, 0, 1, 0, 4.0, 0, 0, 1, -9.999999999999998, 0, 0, 0, 1],
"children":[{"transform":[1.0, -0.0, 0, 0, 0.0, 1.0, 0, 0, 0, 0, 1, 0, 0, 0, 0, 1],
"children":[{
"transform":[0.5000000000000001, 0, -0.8660254037844386, 0, 0, 1, 0, 0, 0.8660254037844386, 0, 0.5000000000000001, 0, 0, 0, 0, 1],
"children":[{
"transform":[1, 0, 0, 0, 0, 1.0, -0.0, 0, 0, 0.0, 1.0, 0, 0, 0, 0, 1],
"children":[{
"transform":[2.0, 0, 0, 0, 0, 2.0, 0, 0, 0, 0, 2.0, 0, 0, 0, 0, 1],
"shapes":[
{"type":"mesh",
"material":"color1",
"filename":"../meshes/proftralie.off"}]
}]
}]
}]
}]
},
{
"transform":[1, 0, 0, -14.142135623730951, 0, 1, 0, 4.0, 0, 0, 1, -14.14213562373095, 0, 0, 0, 1],
"children":[{"transform":[1.0, -0.0, 0, 0, 0.0, 1.0, 0, 0, 0, 0, 1, 0, 0, 0, 0, 1],
"children":[{
"transform":[0.8660254037844384, 0, -0.5000000000000004, 0, 0, 1, 0, 0, 0.5000000000000004, 0, 0.8660254037844384, 0, 0, 0, 0, 1],
"children":[{
"transform":[1, 0, 0, 0, 0, 1.0, -0.0, 0, 0, 0.0, 1.0, 0, 0, 0, 0, 1],
"children":[{
"transform":[2.0, 0, 0, 0, 0, 2.0, 0, 0, 0, 0, 2.0, 0, 0, 0, 0, 1],
"shapes":[
{"type":"mesh",
"material":"color1",
"filename":"../meshes/proftralie.off"}]
}]
}]
}]
}]
},
{
"transform":[1, 0, 0, -10.000000000000002, 0, 1, 0, 4.0, 0, 0, 1, -17.32050807568877, 0, 0, 0, 1],
"children":[{"transform":[1.0, -0.0, 0, 0, 0.0, 1.0, 0, 0, 0, 0, 1, 0, 0, 0, 0, 1],
"children":[{
"transform":[1.0, 0, -2.4492935982947064E-16, 0, 0, 1, 0, 0, 2.4492935982947064E-16, 0, 1.0, 0, 0, 0, 0, 1],
"children":[{
"transform":[1, 0, 0, 0, 0, 1.0, -0.0, 0, 0, 0.0, 1.0, 0, 0, 0, 0, 1],
"children":[{
"transform":[2.0, 0, 0, 0, 0, 2.0, 0, 0, 0, 0, 2.0, 0, 0, 0, 0, 1],
"shapes":[
{"type":"mesh",
"material":"color1",
"filename":"../meshes/proftralie.off"}]
}]
}]
}]
}]
},
{
"transform":[1, 0, 0, 0.0, 0, 1, 0, 4.0, 0, 0, 1, -20.0, 0, 0, 0, 1],
"children":[{"transform":[1.0, -0.0, 0, 0, 0.0, 1.0, 0, 0, 0, 0, 1, 0, 0, 0, 0, 1],
"children":[{
"transform":[0.866025403784439, 0, 0.4999999999999993, 0, 0, 1, 0, 0, -0.4999999999999993, 0, 0.866025403784439, 0, 0, 0, 0, 1],
"children":[{
"transform":[1, 0, 0, 0, 0, 1.0, -0.0, 0, 0, 0.0, 1.0, 0, 0, 0, 0, 1],
"children":[{
"transform":[2.0, 0, 0, 0, 0, 2.0, 0, 0, 0, 0, 2.0, 0, 0, 0, 0, 1],
"shapes":[
{"type":"mesh",
"material":"color1",
"filename":"../meshes/proftralie.off"}]
}]
}]
}]
}]
},
{
"transform":[1, 0, 0, 17.320508075688775, 0, 1, 0, 4.0, 0, 0, 1, -9.999999999999998, 0, 0, 0, 1],
"children":[{"transform":[1.0, -0.0, 0, 0, 0.0, 1.0, 0, 0, 0, 0, 1, 0, 0, 0, 0, 1],
"children":[{
"transform":[0.4999999999999997, 0, 0.8660254037844388, 0, 0, 1, 0, 0, -0.8660254037844388, 0, 0.4999999999999997, 0, 0, 0, 0, 1],
"children":[{
"transform":[1, 0, 0, 0, 0, 1.0, -0.0, 0, 0, 0.0, 1.0, 0, 0, 0, 0, 1],
"children":[{
"transform":[2.0, 0, 0, 0, 0, 2.0, 0, 0, 0, 0, 2.0, 0, 0, 0, 0, 1],
"shapes":[
{"type":"mesh",
"material":"color1",
"filename":"../meshes/proftralie.off"}]
}]
}]
}]
}]
},
{
"transform":[1, 0, 0, 14.142135623730951, 0, 1, 0, 4.0, 0, 0, 1, -14.14213562373095, 0, 0, 0, 1],
"children":[{"transform":[1.0, -0.0, 0, 0, 0.0, 1.0, 0, 0, 0, 0, 1, 0, 0, 0, 0, 1],
"children":[{
"transform":[3.061616997868383E-16, 0, 1.0, 0, 0, 1, 0, 0, -1.0, 0, 3.061616997868383E-16, 0, 0, 0, 0, 1],
"children":[{
"transform":[1, 0, 0, 0, 0, 1.0, -0.0, 0, 0, 0.0, 1.0, 0, 0, 0, 0, 1],
"children":[{
"transform":[2.0, 0, 0, 0, 0, 2.0, 0, 0, 0, 0, 2.0, 0, 0, 0, 0, 1],
"shapes":[
{"type":"mesh",
"material":"color1",
"filename":"../meshes/proftralie.off"}]
}]
}]
}]
}]
},
{
"transform":[1, 0, 0, 10.000000000000002, 0, 1, 0, 4.0, 0, 0, 1, -17.32050807568877, 0, 0, 0, 1],
"children":[{"transform":[1.0, -0.0, 0, 0, 0.0, 1.0, 0, 0, 0, 0, 1, 0, 0, 0, 0, 1],
"children":[{
"transform":[-0.4999999999999992, 0, 0.8660254037844392, 0, 0, 1, 0, 0, -0.8660254037844392, 0, -0.4999999999999992, 0, 0, 0, 0, 1],
"children":[{
"transform":[1, 0, 0, 0, 0, 1.0, -0.0, 0, 0, 0.0, 1.0, 0, 0, 0, 0, 1],
"children":[{
"transform":[2.0, 0, 0, 0, 0, 2.0, 0, 0, 0, 0, 2.0, 0, 0, 0, 0, 1],
"shapes":[
{"type":"mesh",
"material":"color1",
"filename":"../meshes/proftralie.off"}]
}]
}]
}]
}]
}
]

}