{
"name":"Scene Title",
"materials":{
"color0": {
	"kd":[0.39215686274509803,0.39215686274509803,0.39215686274509803]}
},
"lights":[
],
"cameras":[
{
	"pos":[3.0, 7.0, 4.0],
	"rot": [0, 0.0, 0, 1.0]
}
],
"children":[
{
"transform":[1, 0, 0, 1.9, 0, 1, 0, 5.8, 0, 0, 1, -4.1, 0, 0, 0, 1],
"children":[{"transform":[1.0, -0.0, 0, 0, 0.0, 1.0, 0, 0, 0, 0, 1, 0, 0, 0, 0, 1],
"children":[{
"transform":[1.0, 0, 0.0, 0, 0, 1, 0, 0, -0.0, 0, 1.0, 0, 0, 0, 0, 1],
"children":[{
"transform":[1, 0, 0, 0, 0, 0.9063077870366499, 0.42261826174069944, 0, 0, -0.42261826174069944, 0.9063077870366499, 0, 0, 0, 0, 1],
"children":[{
"transform":[1.0, 0, 0, 0, 0, 1.0, 0, 0, 0, 0, 1.6, 0, 0, 0, 0, 1],
"shapes":[
{"type":"mesh",
"material":"color0",
"filename":"../meshes/proftralie.off"}]
}]
}]
}]
}]
},
{
"transform":[1, 0, 0, 2.0, 0, 1, 0, 6.0, 0, 0, 1, -5.0, 0, 0, 0, 1],
"children":[{"transform":[0.984807753012208, -0.17364817766693033, 0, 0, 0.17364817766693033, 0.984807753012208, 0, 0, 0, 0, 1, 0, 0, 0, 0, 1],
"children":[{
"transform":[6.123233995736766E-17, 0, -1.0, 0, 0, 1, 0, 0, 1.0, 0, 6.123233995736766E-17, 0, 0, 0, 0, 1],
"children":[{
"transform":[1, 0, 0, 0, 0, 0.9063077870366499, 0.42261826174069944, 0, 0, -0.42261826174069944, 0.9063077870366499, 0, 0, 0, 0, 1],
"children":[{
"transform":[2.0, 0, 0, 0, 0, 2.0, 0, 0, 0, 0, 2.0, 0, 0, 0, 0, 1],
"shapes":[
{"type":"mesh",
"material":"color0",
"filename":"../meshes/Bird1.off"}]
}]
}]
}]
}]
},
{
"transform":[1, 0, 0, 2.0, 0, 1, 0, 5.8, 0, 0, 1, -2.55, 0, 0, 0, 1],
"children":[{"transform":[1.0, -0.0, 0, 0, 0.0, 1.0, 0, 0, 0, 0, 1, 0, 0, 0, 0, 1],
"children":[{
"transform":[6.123233995736766E-17, 0, 1.0, 0, 0, 1, 0, 0, -1.0, 0, 6.123233995736766E-17, 0, 0, 0, 0, 1],
"children":[{
"transform":[1, 0, 0, 0, 0, 1.0, -0.0, 0, 0, 0.0, 1.0, 0, 0, 0, 0, 1],
"children":[{
"transform":[0.6, 0, 0, 0, 0, 0.6, 0, 0, 0, 0, 0.6, 0, 0, 0, 0, 1],
"shapes":[
{"type":"mesh",
"material":"color0",
"filename":"../meshes/cow.off"}]
}]
}]
}]
}]
}
]

}