{
"name":"Scene Title",
"materials":{
"color11": {
	"kd":[0.0,0.0,1.0]},
"color1": {
	"kd":[0.7843137254901961,0.7843137254901961,0.7843137254901961]},
"color4": {
	"kd":[0.2549019607843137,0.2549019607843137,0.2549019607843137]},
"color13": {
	"kd":[0.4,0.2,0.0]},
"color8": {
	"kd":[1.0,1.0,0.0]},
"color0": {
	"kd":[0.4980392156862745,0.4980392156862745,0.4980392156862745]},
"color2": {
	"kd":[0.3137254901960784,0.3333333333333333,0.3333333333333333]},
"color6": {
	"kd":[0.23529411764705882,0.23529411764705882,0.23529411764705882]},
"color3": {
	"kd":[0.49019607843137253,0.49019607843137253,0.49019607843137253]},
"color9": {
	"kd":[0.0,1.0,0.0]},
"color7": {
	"kd":[1.0,0.0,0.0]},
"color10": {
	"kd":[0.5882352941176471,0.5882352941176471,0.5882352941176471]},
"color5": {
	"kd":[0.37254901960784315,0.39215686274509803,0.37254901960784315]},
"color12": {
	"kd":[0.5882352941176471,0.5882352941176471,0.6274509803921569]}
},
"lights":[
{
	"pos":[0.0, 100.0, 0.0],
	"color":[1.0, 1.0, 1.0]
},
{
	"pos":[0.0, -100.0, 0.0],
	"color":[1.0, 1.0, 1.0]
},
{
	"pos":[-100.0, 100.0, 0.0],
	"color":[1.0, 1.0, 1.0]
},
{
	"pos":[100.0, -100.0, 0.0],
	"color":[1.0, 1.0, 1.0]
}
],
"cameras":[
{
	"pos":[0.0, 2.0, 0.0],
	"rot": [0, 0.0, 0, 1.0]
},
{
	"pos":[0.0, 2.0, -4.0],
	"rot": [0, 1.0, 0, 6.123233995736766E-17]
}
],
"children":[
{
"transform":[1, 0, 0, 0.0, 0, 1, 0, -25.0, 0, 0, 1, 0.0, 0, 0, 0, 1],
"children":[{"transform":[1.0, -0.0, 0, 0, 0.0, 1.0, 0, 0, 0, 0, 1, 0, 0, 0, 0, 1],
"children":[{
"transform":[1.0, 0, 0.0, 0, 0, 1, 0, 0, -0.0, 0, 1.0, 0, 0, 0, 0, 1],
"children":[{
"transform":[1, 0, 0, 0, 0, 1.0, -0.0, 0, 0, 0.0, 1.0, 0, 0, 0, 0, 1],
"children":[{
"transform":[1000.0, 0, 0, 0, 0, 50.0, 0, 0, 0, 0, 1000.0, 0, 0, 0, 0, 1],
"shapes":[
{"type":"box",
"material":"color0"}]
}]
}]
}]
}]
},
{
"transform":[1, 0, 0, -8.0, 0, 1, 0, 1.0, 0, 0, 1, -15.0, 0, 0, 0, 1],
"children":[{"transform":[1.0, -0.0, 0, 0, 0.0, 1.0, 0, 0, 0, 0, 1, 0, 0, 0, 0, 1],
"children":[{
"transform":[1.0, 0, 0.0, 0, 0, 1, 0, 0, -0.0, 0, 1.0, 0, 0, 0, 0, 1],
"children":[{
"transform":[1, 0, 0, 0, 0, 1.0, -0.0, 0, 0, 0.0, 1.0, 0, 0, 0, 0, 1],
"children":[{
"transform":[10.0, 0, 0, 0, 0, 20.0, 0, 0, 0, 0, 0.5, 0, 0, 0, 0, 1],
"shapes":[
{"type":"box",
"material":"color1"}]
}]
}]
}]
}]
},
{
"transform":[1, 0, 0, 12.0, 0, 1, 0, 1.0, 0, 0, 1, -12.0, 0, 0, 0, 1],
"children":[{"transform":[1.0, -0.0, 0, 0, 0.0, 1.0, 0, 0, 0, 0, 1, 0, 0, 0, 0, 1],
"children":[{
"transform":[-0.42261826174069933, 0, 0.90630778703665, 0, 0, 1, 0, 0, -0.90630778703665, 0, -0.42261826174069933, 0, 0, 0, 0, 1],
"children":[{
"transform":[1, 0, 0, 0, 0, 1.0, -0.0, 0, 0, 0.0, 1.0, 0, 0, 0, 0, 1],
"children":[{
"transform":[10.0, 0, 0, 0, 0, 30.0, 0, 0, 0, 0, 5.0, 0, 0, 0, 0, 1],
"shapes":[
{"type":"box",
"material":"color2"}]
}]
}]
}]
}]
},
{
"transform":[1, 0, 0, 8.0, 0, 1, 0, 1.0, 0, 0, 1, -25.0, 0, 0, 0, 1],
"children":[{"transform":[1.0, -0.0, 0, 0, 0.0, 1.0, 0, 0, 0, 0, 1, 0, 0, 0, 0, 1],
"children":[{
"transform":[-0.42261826174069933, 0, 0.90630778703665, 0, 0, 1, 0, 0, -0.90630778703665, 0, -0.42261826174069933, 0, 0, 0, 0, 1],
"children":[{
"transform":[1, 0, 0, 0, 0, 1.0, -0.0, 0, 0, 0.0, 1.0, 0, 0, 0, 0, 1],
"children":[{
"transform":[10.0, 0, 0, 0, 0, 30.0, 0, 0, 0, 0, 5.0, 0, 0, 0, 0, 1],
"shapes":[
{"type":"box",
"material":"color3"}]
}]
}]
}]
}]
},
{
"transform":[1, 0, 0, 2.0, 0, 1, 0, 1.0, 0, 0, 1, -40.0, 0, 0, 0, 1],
"children":[{"transform":[1.0, -0.0, 0, 0, 0.0, 1.0, 0, 0, 0, 0, 1, 0, 0, 0, 0, 1],
"children":[{
"transform":[-0.42261826174069933, 0, 0.90630778703665, 0, 0, 1, 0, 0, -0.90630778703665, 0, -0.42261826174069933, 0, 0, 0, 0, 1],
"children":[{
"transform":[1, 0, 0, 0, 0, 1.0, -0.0, 0, 0, 0.0, 1.0, 0, 0, 0, 0, 1],
"children":[{
"transform":[10.0, 0, 0, 0, 0, 30.0, 0, 0, 0, 0, 5.0, 0, 0, 0, 0, 1],
"shapes":[
{"type":"box",
"material":"color4"}]
}]
}]
}]
}]
},
{
"transform":[1, 0, 0, -5.0, 0, 1, 0, 1.0, 0, 0, 1, -55.0, 0, 0, 0, 1],
"children":[{"transform":[1.0, -0.0, 0, 0, 0.0, 1.0, 0, 0, 0, 0, 1, 0, 0, 0, 0, 1],
"children":[{
"transform":[-0.42261826174069933, 0, 0.90630778703665, 0, 0, 1, 0, 0, -0.90630778703665, 0, -0.42261826174069933, 0, 0, 0, 0, 1],
"children":[{
"transform":[1, 0, 0, 0, 0, 1.0, -0.0, 0, 0, 0.0, 1.0, 0, 0, 0, 0, 1],
"children":[{
"transform":[10.0, 0, 0, 0, 0, 30.0, 0, 0, 0, 0, 5.0, 0, 0, 0, 0, 1],
"shapes":[
{"type":"box",
"material":"color5"}]
}]
}]
}]
}]
},
{
"transform":[1, 0, 0, -3.0, 0, 1, 0, 1.0, 0, 0, 1, -12.0, 0, 0, 0, 1],
"children":[{"transform":[1.0, -0.0, 0, 0, 0.0, 1.0, 0, 0, 0, 0, 1, 0, 0, 0, 0, 1],
"children":[{
"transform":[1.0, 0, 0.0, 0, 0, 1, 0, 0, -0.0, 0, 1.0, 0, 0, 0, 0, 1],
"children":[{
"transform":[1, 0, 0, 0, 0, 1.0, -0.0, 0, 0, 0.0, 1.0, 0, 0, 0, 0, 1],
"children":[{
"transform":[1.0, 0, 0, 0, 0, 1.0, 0, 0, 0, 0, 1.0, 0, 0, 0, 0, 1],
"shapes":[
{"type":"cylinder",
"radius":0.3,
"height":8.0,
"material":"color6"}]
}]
}]
}]
}]
},
{
"transform":[1, 0, 0, 0.4, 0, 1, 0, 5.0, 0, 0, 1, -12.75, 0, 0, 0, 1],
"children":[{"transform":[1.0, -0.0, 0, 0, 0.0, 1.0, 0, 0, 0, 0, 1, 0, 0, 0, 0, 1],
"children":[{
"transform":[-0.1736481776669303, 0, 0.984807753012208, 0, 0, 1, 0, 0, -0.984807753012208, 0, -0.1736481776669303, 0, 0, 0, 0, 1],
"children":[{
"transform":[1, 0, 0, 0, 0, 1.0, -0.0, 0, 0, 0.0, 1.0, 0, 0, 0, 0, 1],
"children":[{
"transform":[0.5, 0, 0, 0, 0, 0.3, 0, 0, 0, 0, 7.0, 0, 0, 0, 0, 1],
"shapes":[
{"type":"box",
"material":"color6"}]
}]
}]
}]
}]
},
{
"transform":[1, 0, 0, 2.5, 0, 1, 0, 4.5, 0, 0, 1, -13.0, 0, 0, 0, 1],
"children":[{"transform":[1.0, -0.0, 0, 0, 0.0, 1.0, 0, 0, 0, 0, 1, 0, 0, 0, 0, 1],
"children":[{
"transform":[1.0, 0, 0.0, 0, 0, 1, 0, 0, -0.0, 0, 1.0, 0, 0, 0, 0, 1],
"children":[{
"transform":[1, 0, 0, 0, 0, 1.0, -0.0, 0, 0, 0.0, 1.0, 0, 0, 0, 0, 1],
"children":[{
"transform":[0.5, 0, 0, 0, 0, 1.0, 0, 0, 0, 0, 0.5, 0, 0, 0, 0, 1],
"shapes":[
{"type":"box",
"material":"color6"}]
}]
}]
}]
}]
},
{
"transform":[1, 0, 0, 2.5, 0, 1, 0, 4.75, 0, 0, 1, -12.7, 0, 0, 0, 1],
"children":[{"transform":[1.0, -0.0, 0, 0, 0.0, 1.0, 0, 0, 0, 0, 1, 0, 0, 0, 0, 1],
"children":[{
"transform":[1.0, 0, 0.0, 0, 0, 1, 0, 0, -0.0, 0, 1.0, 0, 0, 0, 0, 1],
"children":[{
"transform":[1, 0, 0, 0, 0, 1.0, -0.0, 0, 0, 0.0, 1.0, 0, 0, 0, 0, 1],
"children":[{
"transform":[0.15, 0, 0, 0, 0, 0.15, 0, 0, 0, 0, 0.15, 0, 0, 0, 0, 1],
"shapes":[
{"type":"sphere",
"material":"color7"}]
}]
}]
}]
}]
},
{
"transform":[1, 0, 0, 2.5, 0, 1, 0, 4.45, 0, 0, 1, -12.7, 0, 0, 0, 1],
"children":[{"transform":[1.0, -0.0, 0, 0, 0.0, 1.0, 0, 0, 0, 0, 1, 0, 0, 0, 0, 1],
"children":[{
"transform":[1.0, 0, 0.0, 0, 0, 1, 0, 0, -0.0, 0, 1.0, 0, 0, 0, 0, 1],
"children":[{
"transform":[1, 0, 0, 0, 0, 1.0, -0.0, 0, 0, 0.0, 1.0, 0, 0, 0, 0, 1],
"children":[{
"transform":[0.15, 0, 0, 0, 0, 0.15, 0, 0, 0, 0, 0.15, 0, 0, 0, 0, 1],
"shapes":[
{"type":"sphere",
"material":"color8"}]
}]
}]
}]
}]
},
{
"transform":[1, 0, 0, 2.5, 0, 1, 0, 4.15, 0, 0, 1, -12.7, 0, 0, 0, 1],
"children":[{"transform":[1.0, -0.0, 0, 0, 0.0, 1.0, 0, 0, 0, 0, 1, 0, 0, 0, 0, 1],
"children":[{
"transform":[1.0, 0, 0.0, 0, 0, 1, 0, 0, -0.0, 0, 1.0, 0, 0, 0, 0, 1],
"children":[{
"transform":[1, 0, 0, 0, 0, 1.0, -0.0, 0, 0, 0.0, 1.0, 0, 0, 0, 0, 1],
"children":[{
"transform":[0.15, 0, 0, 0, 0, 0.15, 0, 0, 0, 0, 0.15, 0, 0, 0, 0, 1],
"shapes":[
{"type":"sphere",
"material":"color9"}]
}]
}]
}]
}]
},
{
"transform":[1, 0, 0, -1.8, 0, 1, 0, 0.0, 0, 0, 1, -6.5, 0, 0, 0, 1],
"children":[{"transform":[1.0, -0.0, 0, 0, 0.0, 1.0, 0, 0, 0, 0, 1, 0, 0, 0, 0, 1],
"children":[{
"transform":[1.0, 0, 0.0, 0, 0, 1, 0, 0, -0.0, 0, 1.0, 0, 0, 0, 0, 1],
"children":[{
"transform":[1, 0, 0, 0, 0, 1.0, -0.0, 0, 0, 0.0, 1.0, 0, 0, 0, 0, 1],
"children":[{
"transform":[1.0, 0, 0, 0, 0, 1.0, 0, 0, 0, 0, 1.0, 0, 0, 0, 0, 1],
"shapes":[
{"type":"cylinder",
"radius":0.2,
"height":0.1,
"material":"color7"}]
}]
}]
}]
}]
},
{
"transform":[1, 0, 0, -1.8, 0, 1, 0, 0.0, 0, 0, 1, -6.5, 0, 0, 0, 1],
"children":[{"transform":[1.0, -0.0, 0, 0, 0.0, 1.0, 0, 0, 0, 0, 1, 0, 0, 0, 0, 1],
"children":[{
"transform":[1.0, 0, 0.0, 0, 0, 1, 0, 0, -0.0, 0, 1.0, 0, 0, 0, 0, 1],
"children":[{
"transform":[1, 0, 0, 0, 0, 1.0, -0.0, 0, 0, 0.0, 1.0, 0, 0, 0, 0, 1],
"children":[{
"transform":[1.0, 0, 0, 0, 0, 1.0, 0, 0, 0, 0, 1.0, 0, 0, 0, 0, 1],
"shapes":[
{"type":"cylinder",
"radius":0.15,
"height":0.9,
"material":"color7"}]
}]
}]
}]
}]
},
{
"transform":[1, 0, 0, -1.8, 0, 1, 0, 0.5, 0, 0, 1, -6.5, 0, 0, 0, 1],
"children":[{"transform":[1.0, -0.0, 0, 0, 0.0, 1.0, 0, 0, 0, 0, 1, 0, 0, 0, 0, 1],
"children":[{
"transform":[1.0, 0, 0.0, 0, 0, 1, 0, 0, -0.0, 0, 1.0, 0, 0, 0, 0, 1],
"children":[{
"transform":[1, 0, 0, 0, 0, 1.0, -0.0, 0, 0, 0.0, 1.0, 0, 0, 0, 0, 1],
"children":[{
"transform":[0.15, 0, 0, 0, 0, 0.15, 0, 0, 0, 0, 0.15, 0, 0, 0, 0, 1],
"shapes":[
{"type":"sphere",
"material":"color7"}]
}]
}]
}]
}]
},
{
"transform":[1, 0, 0, -1.8, 0, 1, 0, 0.375, 0, 0, 1, -6.5, 0, 0, 0, 1],
"children":[{"transform":[1.0, -0.0, 0, 0, 0.0, 1.0, 0, 0, 0, 0, 1, 0, 0, 0, 0, 1],
"children":[{
"transform":[0.984807753012208, 0, -0.17364817766693033, 0, 0, 1, 0, 0, 0.17364817766693033, 0, 0.984807753012208, 0, 0, 0, 0, 1],
"children":[{
"transform":[1, 0, 0, 0, 0, 1.0, -0.0, 0, 0, 0.0, 1.0, 0, 0, 0, 0, 1],
"children":[{
"transform":[0.2, 0, 0, 0, 0, 0.2, 0, 0, 0, 0, 0.5, 0, 0, 0, 0, 1],
"shapes":[
{"type":"box",
"material":"color7"}]
}]
}]
}]
}]
},
{
"transform":[1, 0, 0, -1.8, 0, 1, 0, 0.375, 0, 0, 1, -6.5, 0, 0, 0, 1],
"children":[{"transform":[1.0, -0.0, 0, 0, 0.0, 1.0, 0, 0, 0, 0, 1, 0, 0, 0, 0, 1],
"children":[{
"transform":[0.25881904510252074, 0, 0.9659258262890683, 0, 0, 1, 0, 0, -0.9659258262890683, 0, 0.25881904510252074, 0, 0, 0, 0, 1],
"children":[{
"transform":[1, 0, 0, 0, 0, 1.0, -0.0, 0, 0, 0.0, 1.0, 0, 0, 0, 0, 1],
"children":[{
"transform":[0.2, 0, 0, 0, 0, 0.2, 0, 0, 0, 0, 0.5, 0, 0, 0, 0, 1],
"shapes":[
{"type":"box",
"material":"color7"}]
}]
}]
}]
}]
},
{
"transform":[1, 0, 0, -3.0, 0, 1, 0, 0.0, 0, 0, 1, -10.0, 0, 0, 0, 1],
"children":[{"transform":[1.0, -0.0, 0, 0, 0.0, 1.0, 0, 0, 0, 0, 1, 0, 0, 0, 0, 1],
"children":[{
"transform":[1.0, 0, 0.0, 0, 0, 1, 0, 0, -0.0, 0, 1.0, 0, 0, 0, 0, 1],
"children":[{
"transform":[1, 0, 0, 0, 0, 1.0, -0.0, 0, 0, 0.0, 1.0, 0, 0, 0, 0, 1],
"children":[{
"transform":[4.5, 0, 0, 0, 0, 1.7, 0, 0, 0, 0, 0.7, 0, 0, 0, 0, 1],
"shapes":[
{"type":"box",
"material":"color7"}]
}]
}]
}]
}]
},
{
"transform":[1, 0, 0, -3.3, 0, 1, 0, 1.5, 0, 0, 1, -10.2, 0, 0, 0, 1],
"children":[{"transform":[1.0, -0.0, 0, 0, 0.0, 1.0, 0, 0, 0, 0, 1, 0, 0, 0, 0, 1],
"children":[{
"transform":[1.0, 0, 0.0, 0, 0, 1, 0, 0, -0.0, 0, 1.0, 0, 0, 0, 0, 1],
"children":[{
"transform":[1, 0, 0, 0, 0, 1.0, -0.0, 0, 0, 0.0, 1.0, 0, 0, 0, 0, 1],
"children":[{
"transform":[3.5, 0, 0, 0, 0, 1.4, 0, 0, 0, 0, 0.8, 0, 0, 0, 0, 1],
"shapes":[
{"type":"box",
"material":"color7"}]
}]
}]
}]
}]
},
{
"transform":[1, 0, 0, -4.5, 0, 1, 0, 0.4, 0, 0, 1, -10.3, 0, 0, 0, 1],
"children":[{"transform":[1.0, -0.0, 0, 0, 0.0, 1.0, 0, 0, 0, 0, 1, 0, 0, 0, 0, 1],
"children":[{
"transform":[1.0, 0, 0.0, 0, 0, 1, 0, 0, -0.0, 0, 1.0, 0, 0, 0, 0, 1],
"children":[{
"transform":[1, 0, 0, 0, 0, 6.123233995736766E-17, -1.0, 0, 0, 1.0, 6.123233995736766E-17, 0, 0, 0, 0, 1],
"children":[{
"transform":[0.75, 0, 0, 0, 0, 0.75, 0, 0, 0, 0, 0.75, 0, 0, 0, 0, 1],
"shapes":[
{"type":"cylinder",
"radius":0.5,
"height":2.0,
"material":"color10"}]
}]
}]
}]
}]
},
{
"transform":[1, 0, 0, -1.5, 0, 1, 0, 0.4, 0, 0, 1, -10.3, 0, 0, 0, 1],
"children":[{"transform":[1.0, -0.0, 0, 0, 0.0, 1.0, 0, 0, 0, 0, 1, 0, 0, 0, 0, 1],
"children":[{
"transform":[1.0, 0, 0.0, 0, 0, 1, 0, 0, -0.0, 0, 1.0, 0, 0, 0, 0, 1],
"children":[{
"transform":[1, 0, 0, 0, 0, 6.123233995736766E-17, -1.0, 0, 0, 1.0, 6.123233995736766E-17, 0, 0, 0, 0, 1],
"children":[{
"transform":[0.75, 0, 0, 0, 0, 0.75, 0, 0, 0, 0, 0.75, 0, 0, 0, 0, 1],
"shapes":[
{"type":"cylinder",
"radius":0.5,
"height":2.0,
"material":"color10"}]
}]
}]
}]
}]
},
{
"transform":[1, 0, 0, 4.0, 0, 1, 0, 0.0, 0, 0, 1, -8.0, 0, 0, 0, 1],
"children":[{"transform":[1.0, -0.0, 0, 0, 0.0, 1.0, 0, 0, 0, 0, 1, 0, 0, 0, 0, 1],
"children":[{
"transform":[0.9961946980917455, 0, 0.08715574274765817, 0, 0, 1, 0, 0, -0.08715574274765817, 0, 0.9961946980917455, 0, 0, 0, 0, 1],
"children":[{
"transform":[1, 0, 0, 0, 0, 1.0, -0.0, 0, 0, 0.0, 1.0, 0, 0, 0, 0, 1],
"children":[{
"transform":[1.9, 0, 0, 0, 0, 1.95, 0, 0, 0, 0, 5.0, 0, 0, 0, 0, 1],
"shapes":[
{"type":"box",
"material":"color11"}]
}]
}]
}]
}]
},
{
"transform":[1, 0, 0, 4.05, 0, 1, 0, 1.5, 0, 0, 1, -7.35, 0, 0, 0, 1],
"children":[{"transform":[1.0, -0.0, 0, 0, 0.0, 1.0, 0, 0, 0, 0, 1, 0, 0, 0, 0, 1],
"children":[{
"transform":[0.9961946980917455, 0, 0.08715574274765817, 0, 0, 1, 0, 0, -0.08715574274765817, 0, 0.9961946980917455, 0, 0, 0, 0, 1],
"children":[{
"transform":[1, 0, 0, 0, 0, 1.0, -0.0, 0, 0, 0.0, 1.0, 0, 0, 0, 0, 1],
"children":[{
"transform":[1.8, 0, 0, 0, 0, 1.4, 0, 0, 0, 0, 3.5, 0, 0, 0, 0, 1],
"shapes":[
{"type":"box",
"material":"color11"}]
}]
}]
}]
}]
},
{
"transform":[1, 0, 0, 3.75, 0, 1, 0, 0.45, 0, 0, 1, -9.0, 0, 0, 0, 1],
"children":[{"transform":[1.0, -0.0, 0, 0, 0.0, 1.0, 0, 0, 0, 0, 1, 0, 0, 0, 0, 1],
"children":[{
"transform":[-0.25881904510252085, 0, 0.9659258262890683, 0, 0, 1, 0, 0, -0.9659258262890683, 0, -0.25881904510252085, 0, 0, 0, 0, 1],
"children":[{
"transform":[1, 0, 0, 0, 0, 6.123233995736766E-17, -1.0, 0, 0, 1.0, 6.123233995736766E-17, 0, 0, 0, 0, 1],
"children":[{
"transform":[0.9, 0, 0, 0, 0, 0.9, 0, 0, 0, 0, 0.9, 0, 0, 0, 0, 1],
"shapes":[
{"type":"cylinder",
"radius":0.5,
"height":2.0,
"material":"color12"}]
}]
}]
}]
}]
},
{
"transform":[1, 0, 0, 3.95, 0, 1, 0, 0.45, 0, 0, 1, -6.5, 0, 0, 0, 1],
"children":[{"transform":[1.0, -0.0, 0, 0, 0.0, 1.0, 0, 0, 0, 0, 1, 0, 0, 0, 0, 1],
"children":[{
"transform":[-0.25881904510252085, 0, 0.9659258262890683, 0, 0, 1, 0, 0, -0.9659258262890683, 0, -0.25881904510252085, 0, 0, 0, 0, 1],
"children":[{
"transform":[1, 0, 0, 0, 0, 6.123233995736766E-17, -1.0, 0, 0, 1.0, 6.123233995736766E-17, 0, 0, 0, 0, 1],
"children":[{
"transform":[0.85, 0, 0, 0, 0, 0.85, 0, 0, 0, 0, 0.85, 0, 0, 0, 0, 1],
"shapes":[
{"type":"cylinder",
"radius":0.5,
"height":2.0,
"material":"color12"}]
}]
}]
}]
}]
},
{
"transform":[1, 0, 0, 4.0, 0, 1, 0, 1.0, 0, 0, 1, -20.0, 0, 0, 0, 1],
"children":[{"transform":[1.0, -0.0, 0, 0, 0.0, 1.0, 0, 0, 0, 0, 1, 0, 0, 0, 0, 1],
"children":[{
"transform":[1.0, 0, 0.0, 0, 0, 1, 0, 0, -0.0, 0, 1.0, 0, 0, 0, 0, 1],
"children":[{
"transform":[1, 0, 0, 0, 0, 1.0, -0.0, 0, 0, 0.0, 1.0, 0, 0, 0, 0, 1],
"children":[{
"transform":[1.0, 0, 0, 0, 0, 1.0, 0, 0, 0, 0, 1.0, 0, 0, 0, 0, 1],
"shapes":[
{"type":"cylinder",
"radius":0.05,
"height":2.0,
"material":"color0"}]
}]
}]
}]
}]
},
{
"transform":[1, 0, 0, 4.0, 0, 1, 0, 2.0, 0, 0, 1, -20.0, 0, 0, 0, 1],
"children":[{"transform":[1.0, -0.0, 0, 0, 0.0, 1.0, 0, 0, 0, 0, 1, 0, 0, 0, 0, 1],
"children":[{
"transform":[1.0, 0, 0.0, 0, 0, 1, 0, 0, -0.0, 0, 1.0, 0, 0, 0, 0, 1],
"children":[{
"transform":[1, 0, 0, 0, 0, 1.0, -0.0, 0, 0, 0.0, 1.0, 0, 0, 0, 0, 1],
"children":[{
"transform":[0.5, 0, 0, 0, 0, 0.5, 0, 0, 0, 0, 0.1, 0, 0, 0, 0, 1],
"shapes":[
{"type":"box",
"material":"color9"}]
}]
}]
}]
}]
},
{
"transform":[1, 0, 0, -2.0, 0, 1, 0, 1.0, 0, 0, 1, -10.0, 0, 0, 0, 1],
"children":[{"transform":[1.0, -0.0, 0, 0, 0.0, 1.0, 0, 0, 0, 0, 1, 0, 0, 0, 0, 1],
"children":[{
"transform":[1.0, 0, 0.0, 0, 0, 1, 0, 0, -0.0, 0, 1.0, 0, 0, 0, 0, 1],
"children":[{
"transform":[1, 0, 0, 0, 0, 1.0, -0.0, 0, 0, 0.0, 1.0, 0, 0, 0, 0, 1],
"children":[{
"transform":[1.0, 0, 0, 0, 0, 1.0, 0, 0, 0, 0, 1.0, 0, 0, 0, 0, 1],
"shapes":[
{"type":"cylinder",
"radius":0.1,
"height":6.0,
"material":"color13"}]
}]
}]
}]
}]
},
{
"transform":[1, 0, 0, -2.0, 0, 1, 0, 3.5, 0, 0, 1, -10.0, 0, 0, 0, 1],
"children":[{"transform":[1.0, -0.0, 0, 0, 0.0, 1.0, 0, 0, 0, 0, 1, 0, 0, 0, 0, 1],
"children":[{
"transform":[1.0, 0, 0.0, 0, 0, 1, 0, 0, -0.0, 0, 1.0, 0, 0, 0, 0, 1],
"children":[{
"transform":[1, 0, 0, 0, 0, 1.0, -0.0, 0, 0, 0.0, 1.0, 0, 0, 0, 0, 1],
"children":[{
"transform":[0.5, 0, 0, 0, 0, 0.5, 0, 0, 0, 0, 0.5, 0, 0, 0, 0, 1],
"shapes":[
{"type":"sphere",
"material":"color9"}]
}]
}]
}]
}]
},
{
"transform":[1, 0, 0, -6.0, 0, 1, 0, 1.0, 0, 0, 1, -9.0, 0, 0, 0, 1],
"children":[{"transform":[1.0, -0.0, 0, 0, 0.0, 1.0, 0, 0, 0, 0, 1, 0, 0, 0, 0, 1],
"children":[{
"transform":[1.0, 0, 0.0, 0, 0, 1, 0, 0, -0.0, 0, 1.0, 0, 0, 0, 0, 1],
"children":[{
"transform":[1, 0, 0, 0, 0, 1.0, -0.0, 0, 0, 0.0, 1.0, 0, 0, 0, 0, 1],
"children":[{
"transform":[1.0, 0, 0, 0, 0, 1.0, 0, 0, 0, 0, 1.0, 0, 0, 0, 0, 1],
"shapes":[
{"type":"cylinder",
"radius":0.11,
"height":8.0,
"material":"color13"}]
}]
}]
}]
}]
},
{
"transform":[1, 0, 0, -6.0, 0, 1, 0, 4.5, 0, 0, 1, -9.0, 0, 0, 0, 1],
"children":[{"transform":[1.0, -0.0, 0, 0, 0.0, 1.0, 0, 0, 0, 0, 1, 0, 0, 0, 0, 1],
"children":[{
"transform":[1.0, 0, 0.0, 0, 0, 1, 0, 0, -0.0, 0, 1.0, 0, 0, 0, 0, 1],
"children":[{
"transform":[1, 0, 0, 0, 0, 1.0, -0.0, 0, 0, 0.0, 1.0, 0, 0, 0, 0, 1],
"children":[{
"transform":[0.7, 0, 0, 0, 0, 0.7, 0, 0, 0, 0, 0.7, 0, 0, 0, 0, 1],
"shapes":[
{"type":"sphere",
"material":"color9"}]
}]
}]
}]
}]
}
]

}